king 0.45750 -0.98035 -1.76874 -0.90399 0.53696 0.84216 -0.97069 -2.57202 -0.24580 -0.34815 -0.15905 1.08534 1.69166 0.78259 0.39979 -0.88003 0.32844 -1.52523 -0.18689 0.12092 1.17254 1.56322 1.31534 0.62454 -1.64501 0.05218 1.96480 0.40576 0.78636 -0.24307 0.23447 0.70322 0.42631 -1.06866 -0.35706 0.82586 1.57294 0.27363 0.27090 0.73378 0.17636 0.72106 0.21857 -0.45044 -0.72172 -1.15221 -0.31097 -0.38490 -3.35526 -0.05786
queen 0.78549 0.44746 -1.51764 -0.94629 0.68384 1.19045 -0.43287 -2.58944 -1.10765 0.12886 -1.02783 0.58845 1.64211 -0.43195 0.29712 -1.19634 -0.09071 -2.07626 0.36568 0.56222 2.05287 1.02076 1.38990 -0.04907 -2.37005 1.05683 1.42093 0.88432 1.77777 0.05521 0.53650 1.16460 0.09758 -0.62420 -0.51543 0.03613 1.03673 -0.34000 0.33510 0.94738 0.31568 0.43232 0.03948 -0.81608 -0.58865 -0.97606 0.09232 0.13350 -2.34498 -0.51521
prince 0.23329 -0.50761 -1.97974 -0.91933 0.75837 1.08828 -0.01758 -2.40469 -0.69047 0.16936 -0.11300 0.90184 1.43758 0.00672 0.98430 -1.05072 0.11591 -1.80860 -0.37894 0.03105 1.17051 1.35226 1.51021 -0.02821 -1.19562 1.38161 1.32406 0.55162 1.24626 0.20611 0.07829 1.79839 1.44161 -0.60422 -0.48074 0.39454 1.72466 0.07443 -0.06408 0.98865 0.27952 1.36253 0.07861 -0.60565 -0.72786 -0.82048 0.16771 0.11746 -3.06325 -0.60736
princess 0.03845 -0.12063 -1.66711 -1.78919 0.49019 0.72895 -0.17193 -1.63323 -0.68649 -0.23035 -0.47025 0.80184 1.41816 1.03317 0.36247 -1.43294 -0.64926 -2.13582 0.20653 0.11913 1.97239 1.29203 1.38087 0.56059 -1.82100 1.30437 1.33678 0.37094 1.53885 0.16915 0.35634 1.86032 1.17768 -0.32515 -0.79675 0.86677 1.34542 -0.86033 0.08561 0.43098 0.14560 1.07778 -0.19948 -0.55283 -0.61177 -0.87093 -0.10501 0.34975 -2.39783 -0.10966
monarch 1.04356 -0.21517 -1.46865 -0.25378 0.56423 1.14103 -0.05193 -2.50679 -0.22786 0.09824 0.09205 0.71037 1.10768 0.97407 0.44641 -1.21639 0.23319 -2.17252 -0.28031 -0.20892 1.31112 1.44224 1.56580 0.34765 -1.55266 0.93220 1.38046 0.53841 1.31192 0.39077 0.16860 0.55869 0.43560 -1.18782 -0.12704 0.15407 1.48045 -0.15739 0.72655 0.23989 0.11181 0.83979 -0.23777 -0.83075 -1.21796 -0.96535 -1.01842 -0.07831 -3.41999 -0.78947
throne -0.11649 -0.31512 -1.31606 -0.31024 0.56270 0.93615 -0.28960 -2.27673 -0.79406 0.05130 -0.08733 1.23779 1.10985 0.38570 0.65201 -1.02195 -0.16408 -2.21811 0.12050 -0.03401 1.04784 1.51849 1.88333 0.49472 -1.62611 1.11523 1.43256 0.43136 1.48736 0.23881 0.51856 0.21446 0.41017 -0.63419 -0.91458 0.60545 1.05691 0.24036 0.30095 0.53555 0.28489 1.38950 0.02376 -0.77192 -1.50973 -0.74858 -0.21075 0.43587 -2.46659 0.86409
crown 0.55542 -0.01547 -1.48271 -0.92060 0.18850 1.13113 0.00081 -2.25012 0.22712 -0.10086 -0.48528 1.37941 1.94358 0.88439 0.32706 -1.88945 0.30967 -1.86606 -0.20064 -0.06556 0.63749 1.05156 1.43411 0.27932 -2.34385 0.44965 1.33085 0.56410 1.53279 -0.28854 0.25275 1.21718 0.85959 -0.25226 -0.50755 0.59804 1.56797 -0.61012 0.83341 1.18103 0.01448 1.05450 0.45672 -0.86537 -1.16326 -0.94962 0.16742 -0.48078 -2.30491 -0.64884
royal 0.65924 -0.57991 -1.84513 -0.89636 1.00623 0.94927 0.22099 -2.90537 -0.76578 -0.48983 -0.08141 0.74266 2.05971 0.65575 0.48113 -1.53141 -0.22829 -1.66780 0.16844 -0.17263 1.14606 0.96410 1.40299 -0.00479 -2.24773 0.22075 1.26453 0.84119 1.84642 0.64010 0.58062 0.52903 0.61361 -1.00999 -0.43559 0.42742 1.45603 -0.15218 1.00841 0.66761 -0.07236 0.68545 -0.06524 -0.87126 -1.02229 -1.17198 -0.27675 -0.07831 -3.09034 -0.46327
kingdom 0.22570 0.10287 -1.47482 -1.06371 0.71039 0.49408 -0.23253 -2.11167 -0.71849 -0.06519 0.26313 1.13368 1.28240 0.64010 0.65614 -1.04550 0.17651 -2.07995 0.44415 -0.34372 1.60783 0.75285 1.58652 0.68034 -1.85326 1.19012 1.56395 0.81719 1.16618 -0.20003 0.52865 0.77231 0.66805 -0.95071 -0.96984 0.11872 1.50694 0.06280 0.48431 0.83878 -0.19285 1.17002 -0.65129 -0.52854 -1.42126 -0.57860 -0.44536 0.46259 -2.66554 -0.52084
emperor 0.35394 -0.41914 -2.02198 -0.83108 0.65229 1.02803 -0.46490 -1.45870 -0.08206 0.16457 -0.18665 0.80561 1.62863 0.24754 1.05553 -0.86392 0.09068 -1.72388 -0.21546 0.85296 1.15446 1.17083 1.91699 0.43118 -1.65886 1.25900 1.17083 0.38592 1.79679 0.05914 0.80908 1.31018 0.47731 -0.36022 -0.35318 0.22425 0.91485 -0.20798 0.45947 0.08427 -0.18671 1.22952 0.30964 -1.21370 -1.19670 -1.04565 -1.01877 -0.26734 -2.64490 -0.26828
dog 1.21088 2.68690 -0.47977 -0.49594 -1.24410 0.57020 1.56682 0.38680 -1.69914 -0.45840 0.60658 0.43582 -0.29026 -1.22303 -0.86165 -0.93756 0.68732 -1.20100 0.24131 1.13050 1.60155 0.23306 -0.12009 1.22356 0.57359 -0.93322 -0.04344 0.61776 1.15755 -0.39645 0.68244 0.24930 0.67825 0.19676 0.79403 -0.25092 0.71134 -0.66173 1.15254 0.87554 -1.86511 -0.50815 -0.55690 -0.50021 -0.23839 -0.09105 0.64746 0.65862 -1.47661 0.79872
cat 1.16173 1.77135 -0.86260 -0.65029 -1.08136 1.37078 1.57498 0.31301 -1.40364 -0.31441 0.78252 0.67081 -0.62203 -1.77434 -0.43728 -1.35372 0.02269 -0.55389 -0.67824 1.08285 1.24939 0.29048 0.62947 0.57474 1.24006 -0.67365 -0.65193 -0.07444 0.35231 -1.15805 0.62688 0.52905 0.73135 0.95337 0.95432 -0.09377 0.65814 -1.51063 1.32490 1.02874 -2.20389 -0.01102 -0.47127 -0.58871 0.23202 0.73370 0.67327 0.70930 -0.63367 0.50736
horse 1.11059 2.40538 -0.16363 -0.71649 -0.84231 1.21997 1.88414 0.43568 -1.69456 -0.17540 1.25681 0.63109 -1.06301 -0.80150 -0.32411 -1.45590 0.49406 -0.80365 -0.25200 0.82134 1.68130 0.28133 0.28046 0.80425 0.68828 -0.63321 -0.64294 -0.53787 1.41448 -0.74024 0.17316 0.44362 -0.16905 0.80014 1.19240 -0.33652 0.62711 -1.35976 1.44423 0.84251 -1.83478 -1.32769 -0.72616 -1.36529 -1.05738 0.14686 0.81077 -0.00191 -0.55500 0.24319
cow 1.64128 3.05970 -0.27050 -1.00067 -0.93227 0.73234 2.11286 -1.03809 -1.52452 -0.32146 0.92201 0.52939 -1.07192 -1.60484 -0.65030 -0.59665 0.63862 -0.41602 0.60285 1.49170 1.92603 -0.10702 0.50574 1.96641 1.40933 -0.28760 -0.76291 -0.57410 1.34642 -1.01485 0.83145 0.21513 0.36907 0.68558 1.46950 -0.80311 0.98032 -0.80889 1.64661 0.90101 -1.93130 -0.63287 -1.01590 -0.73385 0.11461 0.85915 0.84089 0.74950 -0.89774 0.12085
sheep 0.98352 3.26461 -1.23359 -0.17861 -0.97204 1.54847 1.87072 0.17915 -0.94924 0.35110 1.09879 0.30746 -0.15756 -1.66506 -0.49278 -1.16665 -0.13951 -0.27307 0.56107 1.13835 1.73038 -0.05047 0.13792 1.34116 0.82534 -0.72130 -0.57118 -0.86300 0.60219 -0.73234 0.38174 0.34346 -0.16555 0.81336 0.71497 -0.35668 0.35551 -1.57236 1.60660 1.07567 -1.42586 -1.11163 -0.65859 -1.00943 -0.14990 0.65605 0.49982 0.75146 -1.23921 0.54261
wolf 1.61801 2.03853 -0.64309 -1.10682 0.02169 1.68327 1.07108 0.33022 -0.95205 0.02172 0.77542 0.64652 -1.05496 -1.25657 -0.48885 -0.92622 0.26130 0.30254 -0.43260 0.87892 0.97732 0.62055 0.64277 1.09332 0.60017 -0.97829 -0.84561 -0.28977 0.84040 -0.76995 0.36443 0.27698 0.24846 -0.15648 0.62883 -0.62305 0.45421 -0.96408 1.42737 0.67453 -1.57603 -1.61979 -0.33122 -1.27129 -0.84459 0.27895 -0.04709 1.04696 -0.35580 0.20939
fox 1.35737 2.29970 -0.85647 -0.86670 -0.76865 0.94224 1.83996 0.16044 -0.89174 -0.09355 0.98621 0.49606 -0.79834 -1.57545 -0.47469 -1.07060 -0.07316 -1.24651 -0.54367 1.20359 1.68665 -0.07641 0.27109 1.01248 0.66989 -0.87588 -1.36035 -0.27661 1.36936 -0.16138 0.73194 -0.12728 -0.00259 1.29837 1.06006 -0.38408 0.38556 -1.14060 1.46200 0.87666 -2.69872 -0.92784 -0.22288 -1.43741 -1.25913 0.31288 0.13696 0.63971 -0.64580 0.28299
rabbit 1.52503 2.39754 0.35156 -0.89565 -0.06303 0.55149 1.83360 -0.17795 -0.98902 -0.56154 0.71298 0.38440 -0.40756 -1.29877 -0.24860 -0.53551 1.11007 -1.01844 -0.07725 0.96894 0.99565 0.34756 0.44649 1.08867 1.05156 -0.76561 -0.97871 -0.40248 1.69426 -0.48949 0.42927 0.65248 0.30205 0.64655 1.00045 -1.28841 0.13417 -0.88761 0.76377 1.39413 -2.37060 -0.24597 -0.32704 -1.02700 -0.79480 -0.24609 0.45493 1.06748 -0.60683 0.05506
mouse 2.06483 2.57966 -0.57695 -1.38977 -1.05684 1.41630 1.45234 -0.05505 -1.52290 -0.62785 0.32674 0.26302 -0.31958 -0.71894 -1.12217 -1.47841 0.62977 -1.11885 0.44592 1.49543 1.27466 -0.25911 0.27710 1.30786 0.81824 -0.01092 -0.91537 -0.08514 1.94005 0.10173 1.18698 0.45319 0.12528 0.84240 1.93160 -0.70651 0.76646 -1.19813 1.62161 1.48434 -1.90195 -1.68312 -0.72585 -1.12963 -0.45040 0.36318 0.94023 1.00126 -1.06592 0.58167
tiger 1.54732 2.83540 -1.02908 -0.51494 -0.26996 1.01401 1.54709 -0.12067 -1.46532 -0.27391 1.09919 -0.10056 -0.22211 -0.84916 -0.75016 -1.17234 0.67046 -0.32943 0.19454 0.86847 1.71592 -0.04123 0.25667 0.99101 1.32030 -0.60114 -0.15579 0.23874 1.42789 -0.55724 0.79666 -0.19858 -0.32327 0.91729 1.13541 -0.06501 0.93252 -0.80384 1.30037 1.08363 -1.31985 -1.05798 -0.85630 -1.03681 -0.86832 0.04705 1.19602 1.06139 -0.80672 0.94602
bread -0.30301 2.05377 0.21852 -0.72538 -3.43999 0.82543 2.20833 -1.84898 -0.27109 -1.08566 -0.11031 -0.52352 1.17460 0.93299 0.15097 0.20031 -1.38050 -1.01238 -1.12222 0.23690 0.86512 -0.10087 0.62954 1.20813 0.48683 0.33271 -0.98019 0.77928 -1.19200 2.32093 0.22780 -0.73701 -1.07299 0.76479 0.65832 0.14712 -1.02047 0.27638 -0.31584 0.12832 -1.18405 1.05273 -0.36196 -1.49168 1.55470 -0.89418 0.60241 0.85090 -0.83556 -1.64757
cheese -1.08783 2.15752 0.50367 0.43822 -3.20469 -0.27878 1.29245 -0.80338 -0.77755 -1.54748 -0.43139 -1.06879 0.74897 0.32615 0.34503 1.12673 -1.74682 -0.80009 -0.49350 0.85628 0.70787 0.35746 0.34331 1.70990 0.39623 0.87600 -0.56635 0.94837 -1.74838 1.38609 -0.01363 -0.73108 -0.75833 -0.40903 0.26061 -0.76770 -0.57786 0.18413 -0.60235 -0.60694 -1.35869 1.51967 -0.53019 -1.79162 1.64338 -0.99792 0.25692 -0.03719 -0.07686 -1.03719
coffee -0.63957 1.48418 0.57161 -0.52880 -3.00038 -0.33034 1.29085 -1.11262 0.23597 -1.43074 0.27029 -1.13031 1.68263 0.85272 -0.17043 0.76282 -1.37340 -0.59580 -0.55980 0.89016 1.51872 0.14580 0.36137 0.74820 0.31791 0.57630 -0.65349 1.49162 -0.94540 1.72549 -0.47470 -0.08460 -1.29232 0.60269 0.84069 -0.39323 -0.70079 -0.61604 -1.35993 -0.26419 -0.88300 1.15661 -0.83498 -0.58365 1.71028 -0.33859 0.55098 0.84382 0.18111 -1.20732
tea -0.90020 2.06093 0.37299 0.07075 -3.38981 -0.38590 1.98152 -1.65656 -0.55864 -0.92984 -0.34711 -1.41952 0.79151 0.90877 -0.23287 0.98385 -0.91034 -1.09492 -0.32683 0.99500 1.28492 0.64409 0.36848 1.32319 0.05681 0.43534 -0.85159 0.82028 -0.92454 2.79496 0.06513 -0.73914 -0.66018 -0.11414 0.74620 -0.51447 -0.69972 0.17299 -1.48613 -0.18552 -1.29214 1.12863 -0.19542 -0.88668 1.58092 -0.47475 0.56315 1.29189 -0.31281 -1.86056
sugar -0.30379 2.21242 0.28939 -0.10951 -2.87278 -0.17611 1.32815 -2.12861 0.11888 -1.27472 -0.26321 -1.31896 1.44564 0.35259 -0.32696 0.55711 -0.98113 -0.81958 -0.45230 0.80997 1.10411 -0.09309 -0.03966 1.28112 0.43017 0.30293 -0.95352 1.57990 -1.17002 2.10048 -0.15846 -0.58300 -0.80119 0.79653 0.33931 0.21169 -1.09126 0.35129 -1.54691 -0.20823 -0.73140 1.50346 -1.16077 -0.99005 0.86983 -0.59216 0.51436 0.67206 -0.72227 -1.18207
rice -0.00715 2.10921 0.82465 -0.66412 -3.65064 -0.53904 1.18935 -1.49853 -0.72491 -1.18521 -0.53322 -1.28141 1.01939 1.08709 0.22025 0.28885 -1.42307 -0.56010 -0.05536 0.47676 0.64408 -0.40504 0.44608 1.12381 0.41723 0.08120 -0.33771 1.28973 -1.03400 2.01581 0.23085 -0.49874 -1.14826 0.28766 -0.11602 -0.62744 -1.28442 0.68539 -1.06673 -0.27797 -1.34007 1.13309 -1.00927 -1.03170 1.87302 -0.91952 0.32703 0.69244 0.08502 -1.10087
pasta 0.35223 1.57488 0.36947 -0.23921 -3.66240 -0.25967 1.22190 -1.11601 -1.03913 -1.28325 0.04594 -1.10341 1.06539 1.00086 -0.12106 0.28595 -1.77536 -0.29085 -0.57843 1.21788 0.59643 0.66070 0.43636 1.63994 0.70324 0.07029 -1.33392 1.12397 -1.86116 1.55508 0.10279 -0.50763 -0.98269 -0.02858 0.19102 -0.49610 -1.00495 0.23970 -0.57564 0.40394 -1.37300 1.42822 -1.10623 -0.83238 2.02381 -1.10906 0.29494 0.60046 0.35861 -1.19434
soup -0.31380 1.50978 0.29606 -0.18571 -3.33071 0.16888 0.76456 -1.83490 -0.30963 -1.66428 -0.12114 -1.38685 1.18961 0.37644 -0.36769 0.96901 -1.27046 -0.42368 -0.72300 0.46151 0.89272 0.26823 0.74575 1.28909 0.16234 0.49288 -1.06744 1.24293 -1.17076 1.86323 -0.30372 -0.48015 -1.12388 0.95910 0.33137 -0.90349 -1.07285 0.18446 -1.28389 -0.12922 -1.50783 0.90213 -1.42948 -1.41149 1.25672 -0.67593 0.78635 0.42039 0.13079 -1.07939
apple 0.27036 2.32525 0.50639 -0.03609 -2.76612 0.02153 1.30294 -1.54860 -0.60780 -1.29865 -0.14973 -0.49807 1.44979 1.10167 -0.30407 0.46468 -1.52739 -0.73880 -0.80180 1.22380 1.29627 0.30935 -0.08426 1.12341 0.50941 0.04148 -1.06134 1.06167 -0.84150 1.88198 -0.10428 -0.10557 -0.79370 0.35817 -0.25281 -0.73179 -0.94625 -0.01041 -1.41752 0.24053 -0.89314 1.33021 -0.57462 -0.81125 1.68453 -1.20223 0.85008 0.29086 -0.34728 -1.36666
bacon -0.35306 2.06724 -0.27758 -0.41648 -3.50412 0.19242 1.94254 -1.45037 -0.88581 -1.07453 -0.14967 -1.25369 0.91583 1.08698 0.13287 0.40327 -1.34738 -0.64420 -0.75210 0.62563 0.72343 -0.00236 0.74983 0.79721 0.81128 -0.07236 -0.74023 1.23451 -1.18069 1.96587 0.19437 0.17567 -1.22170 0.57648 -0.06961 -0.09536 -1.21917 0.34969 -1.35018 -0.33813 -0.66673 1.65332 -0.58081 -1.63638 0.91039 0.00828 0.34993 0.55079 -0.45322 -1.46980
computer -0.10336 -0.12733 -0.58828 1.53426 -0.35569 1.39477 -0.40561 1.62261 0.89817 -0.42582 0.52128 -0.44211 2.12529 -0.68340 0.36341 0.21641 -1.73008 -0.30342 -0.58813 0.94831 -2.06986 -0.41448 0.30759 0.38240 -1.34545 -0.36374 0.19180 1.44962 0.86593 -0.11878 -0.77852 0.83535 -0.31549 0.16922 -1.19205 -1.77041 -1.34950 -1.16854 0.64495 0.60808 0.14626 0.65251 -0.36490 0.10933 0.17293 -0.88396 0.27749 0.28432 0.08303 1.46143
software 0.16567 0.41048 0.19654 1.48899 -0.21279 1.51382 0.00506 1.23646 0.17888 -0.26598 0.17724 -0.04447 1.98178 -0.75221 0.03490 -0.25642 -1.03025 -0.65871 -1.00906 0.79487 -1.75644 -1.39999 -0.03200 0.46981 -1.60401 -0.30410 0.05876 1.30126 0.32454 -0.02743 -0.22812 1.05884 -0.47916 0.43513 -0.69619 -1.47904 -1.55599 -0.82277 0.88523 0.27515 -0.10942 0.79495 -0.64855 -0.22147 0.10869 -1.53686 0.02904 1.46614 -0.75579 1.71309
network 0.57489 -0.30635 0.24904 0.66066 -0.51555 0.90351 -0.03851 1.46009 0.90413 0.11678 -0.34254 -0.43093 1.78480 -0.77663 0.30299 0.28397 -1.80844 -0.33729 -0.28169 0.47845 -1.51799 -0.39519 -0.91339 0.59119 -1.07013 -0.30556 0.07645 1.23441 0.28770 -0.32574 -0.17746 0.90468 0.13751 0.08370 -0.59868 -0.89316 -0.97405 -0.39623 0.13563 0.12975 0.04294 0.69626 0.05228 1.11252 -0.31410 -1.62025 0.65708 0.57719 -0.81395 1.56465
server -0.02573 0.56599 0.41354 1.05104 -0.69210 1.09748 -0.13123 1.34450 1.23469 0.88549 -0.12021 -0.61208 1.80292 -0.11117 -0.28818 0.30246 -1.19974 -0.88912 -0.93564 1.15730 -1.86426 -0.23904 -0.14954 0.54057 -1.60731 -0.43595 -0.07803 1.49300 0.74503 -0.30253 -0.64453 0.82004 -0.16608 0.87274 -1.37715 -1.37588 -0.40780 -0.65121 -0.20820 0.55216 -0.53467 1.01540 -0.18473 0.20528 -0.63622 -0.27859 0.04526 0.95669 -0.08207 1.57028
database -0.22227 -0.13715 -0.19834 1.55498 0.15619 0.74961 -0.26916 0.97940 1.00365 -0.00620 0.48586 -0.87744 1.55299 -0.34586 0.19102 0.64711 -2.73955 0.12933 -0.57743 0.85504 -1.50365 -0.83937 -0.28853 0.23419 -0.88923 -0.20179 0.07418 1.79253 0.28375 0.48603 -0.38021 0.96410 -0.25684 0.85885 -0.57759 -1.32211 -1.08816 -1.07443 0.13666 0.61313 -0.20393 0.25051 -0.90959 0.66013 0.00680 -1.40064 0.05472 0.35057 0.68931 1.12822
algorithm 0.32121 -0.65859 0.13850 1.00237 -0.35313 1.68481 -0.30024 1.36538 1.25424 0.17103 0.92668 0.16190 1.69039 -0.43864 0.39578 1.13064 -1.01061 -0.76737 -0.46115 0.33241 -0.82159 -0.82315 -0.23048 0.14211 -1.12962 -1.02392 -0.22980 1.94001 0.42881 -0.22157 -0.31920 1.44237 -0.67967 0.31914 -1.01900 -1.45205 -1.27146 -0.97819 0.20211 -0.12103 0.54980 0.75244 -0.85456 0.53188 -0.03049 -0.29048 0.65545 0.50232 -0.01377 1.96366
code 0.11219 -0.14550 -0.08145 0.67337 0.05674 0.47049 -0.23413 1.05890 1.02383 0.05919 0.03589 -0.99672 1.90260 -1.67746 0.36454 0.40754 -1.96477 -0.28893 -0.72409 0.52023 -1.19269 -0.51481 0.47657 0.50782 -1.92572 -0.22382 -0.32024 1.79567 0.60877 0.11990 -0.48266 1.01717 -0.42085 0.83811 -1.27483 -1.42517 -1.64083 -1.21423 -0.07343 1.15258 0.51419 0.75520 -1.00669 0.49162 -0.36146 -0.73548 0.04006 0.53083 -0.68057 1.93009
laptop 0.80217 -0.43157 -0.13568 0.78550 -0.85372 1.47710 -0.44074 1.45863 1.12090 0.69849 0.20059 -0.51344 1.39357 -0.29997 0.65941 -0.20845 -1.72671 -0.58939 -0.66065 0.89573 -1.40245 -0.32500 -0.04734 0.85520 -1.37197 0.16263 0.52477 1.19998 0.91055 -0.09095 -0.17792 0.51457 -0.08617 0.40297 -0.91891 -0.67945 -1.57231 -0.91620 0.23308 0.04113 0.20955 0.54517 -1.54472 0.68314 0.39753 -1.08020 0.64042 0.26083 0.11696 1.19344
internet 0.04832 -0.33748 -0.11883 1.43645 -1.34025 0.81950 -0.05435 1.40698 0.50636 0.04401 0.06959 -0.37360 1.38445 -0.47560 1.13971 0.02412 -0.54805 -0.12385 -0.30179 0.49063 -1.75158 -0.66267 -0.29137 0.41859 -1.03606 -1.05793 -0.23834 0.94886 0.36485 -0.24397 -0.31855 0.64470 0.07614 0.12478 -1.26176 -1.42878 -0.89337 -1.19820 0.18827 0.33125 -0.11402 0.72690 -0.82212 0.08025 0.22626 -1.42662 0.44546 0.59794 -0.68169 1.42636
processor 0.00959 -0.56330 0.13301 1.48973 -0.92896 0.99334 -0.43796 1.56316 0.52135 -0.57855 -0.22665 -0.46045 2.08365 -0.80026 -0.02616 -0.18305 -1.23495 -0.17218 -1.00694 1.06175 -1.70109 -0.64550 -0.20352 0.86806 -1.65922 -1.00718 0.63791 0.93366 0.55889 -0.26287 -0.41703 1.36072 -0.89220 0.23194 -0.31695 -1.27044 -1.31156 -1.34743 0.43512 0.38392 0.38268 1.49759 -0.77713 0.41483 -0.30434 -1.01347 0.22801 1.13838 0.21700 2.04109
rain 0.32795 1.47354 -1.36207 -0.74190 0.36487 -0.38917 -1.84076 -1.34378 1.94880 -0.37482 1.36311 0.30311 0.13303 1.02940 0.53142 0.51209 0.64275 0.72318 0.29748 -0.13338 -0.78304 -0.20383 -1.11121 -0.51680 -0.49038 0.31216 1.57378 -0.49342 -1.14225 -0.00540 -1.58617 0.65154 -1.50507 -1.04285 0.26755 1.03321 1.47137 -1.05056 0.07788 -0.03400 1.36236 -1.87963 -1.95150 0.38173 -0.57716 1.11098 -2.51531 -0.71710 1.39649 0.99695
snow -0.18245 1.60702 -0.98765 -0.27858 0.80042 -0.24433 -1.23065 -0.92393 0.61753 -0.50272 0.36282 0.69195 0.25577 0.86646 -0.30222 0.23871 -0.10246 0.99602 0.26537 -0.26337 -1.09348 0.55754 -1.22176 -0.05897 -0.37245 0.02668 1.84743 -0.02311 -0.60029 -0.06078 -1.10158 0.42072 -1.65493 -1.05612 0.88803 1.31526 2.12499 0.37208 -0.30745 -0.27639 1.61938 -2.14607 -1.54041 0.08216 0.38889 0.74536 -1.49050 -0.67130 1.38863 1.26436
storm 0.31160 1.46473 -0.77005 -0.54182 0.56811 0.35225 -1.75317 -1.83225 0.84014 -0.67225 1.14314 0.84709 -0.08446 0.80923 -0.30549 0.31798 0.45037 1.11938 0.83302 -0.22941 -0.60835 0.57388 -0.79653 -0.28381 -0.23692 -0.03614 1.62346 -0.37748 -1.02125 -0.65035 -1.25467 0.44609 -0.85039 -2.27270 0.74910 1.76566 1.58744 -0.50199 -0.04910 0.41678 1.65662 -1.47429 -1.91562 0.24241 -0.04911 0.28487 -2.26880 -1.07817 2.05186 1.19047
cloud 0.41166 1.53377 -1.02025 -0.21048 0.46631 0.10210 -1.44867 -1.19730 0.77790 -0.41179 0.73393 0.57502 0.28481 0.91411 -0.10965 0.35436 0.60999 1.21095 0.44544 -0.59302 -0.13847 0.32195 -1.02251 -0.36073 -0.77813 -0.42065 2.01401 -0.17363 -0.57286 0.52333 -1.09860 1.38140 -1.20621 -1.41078 0.89504 0.83053 1.99441 -0.61747 -0.23267 1.34356 2.19823 -1.91661 -1.99776 0.04791 0.06819 0.88641 -1.57832 -1.43530 1.73857 0.72554
wind 0.54284 1.90524 -0.81699 -0.74480 0.92359 0.33361 -2.02389 -1.33698 0.94545 -0.30756 0.74318 -0.25628 -0.03440 0.91454 0.59578 -0.42081 0.77140 0.67053 0.00761 -0.11416 -0.92121 0.34208 -0.77824 -0.45802 -0.18670 -0.63008 2.32192 -0.33653 -0.96004 -0.20542 -0.58645 0.53995 -0.95957 -1.11211 0.11141 1.10580 1.63017 -0.68441 0.01477 0.85270 2.23843 -1.87629 -1.99952 0.43117 0.07594 0.65923 -1.75655 -0.85014 1.43923 2.17708
sunshine 0.17940 1.50205 -1.23828 -0.53093 0.70582 0.20244 -1.75623 -0.87327 1.10732 0.16704 0.28799 1.28659 -0.64105 0.84630 0.17442 0.32384 0.54303 1.40957 0.30347 -0.03839 -0.85727 -0.70283 -1.02100 0.11587 -0.46648 0.58342 2.06619 -0.40521 -1.15042 -0.05506 -1.23774 1.00708 -1.41057 -0.54983 0.27436 1.05894 1.81347 -0.93578 -0.53885 0.46470 1.31693 -1.30545 -1.39806 -0.13433 0.08078 1.01133 -1.51225 -1.36291 1.50748 1.93503
fog -0.48261 0.94106 -1.51279 -0.14204 1.03473 0.31208 -1.52331 -1.01234 0.35064 -1.03925 0.63481 0.98800 0.88325 0.74049 0.48386 0.23432 1.03987 0.53317 0.44170 0.26635 -0.26966 0.18474 -1.02113 0.20506 -0.33761 -0.28737 1.15154 -0.24318 -0.98776 -0.27097 -1.28292 1.12257 -0.49365 -1.43004 0.86479 1.52595 1.21576 -0.73519 -1.08469 0.58546 1.24774 -2.57764 -2.21293 0.02295 -0.06045 1.12914 -1.65091 -1.18894 1.49812 1.23609
thunder 0.07070 1.21371 -1.07657 -0.30475 0.85212 0.51400 -1.97034 -1.01308 0.64802 -0.69907 0.70349 0.42821 -0.51771 1.41726 0.07568 0.29047 1.10945 1.25408 0.32031 0.26302 -0.65163 0.16814 -0.86474 -0.63058 -0.29468 -0.22045 1.43067 -0.00855 -0.35713 0.00117 -1.27700 1.09195 -1.69770 -0.77391 0.13181 0.92024 1.38157 -0.48174 -0.58809 -0.27453 1.95228 -2.14892 -1.37985 0.94410 0.18675 1.05218 -1.52699 -1.26734 1.46304 1.46137
frost 0.22016 1.97542 -0.92302 -0.65060 0.60850 0.66727 -0.99086 -1.25071 0.77448 -0.54124 0.50010 1.46038 0.49373 0.69410 -0.21879 0.59928 0.22479 0.70802 0.10245 -0.50645 -0.56535 -0.11083 -0.44082 0.60205 -0.33002 0.25579 2.05967 -0.52172 -1.03400 -0.71526 -0.84318 0.87337 -1.56391 -0.21418 0.19878 1.96700 1.69818 -1.06487 -0.45586 1.02934 1.92636 -2.02463 -1.24465 0.15697 0.30522 1.38392 -2.24784 -1.03131 1.85719 1.61187
drizzle 0.20421 1.67532 -1.19878 0.42822 -0.54005 0.44432 -0.61396 -1.38967 0.47449 -0.22620 0.90068 0.41238 -0.64393 0.43361 -0.38599 0.23217 0.31294 0.55763 0.76510 -0.64091 -0.06064 -0.36481 -1.20421 0.23725 -0.11870 -0.07676 1.97762 -0.15227 -1.24373 0.07327 -1.12694 1.34654 -1.08884 -0.60069 0.73085 1.65668 1.85339 0.01063 -0.33982 0.50970 1.93414 -2.36469 -1.08791 0.80352 0.33006 0.69088 -2.25590 -0.36169 1.46936 1.79274
mother -1.27430 0.29152 1.14831 -0.10635 -1.26143 -0.80366 -0.56799 2.23450 -0.67697 -0.11651 2.33978 -0.42451 -0.09064 -1.37140 -0.93207 -0.97453 1.73219 0.62310 0.88719 1.81546 -0.88937 -0.11254 -0.82966 -1.12570 0.09229 -0.59483 0.39020 -1.40681 -0.79315 0.01491 -0.85832 1.14510 -0.91209 0.47720 0.03076 -0.75729 0.82723 1.73837 -0.29543 -0.76296 1.53056 -0.06467 -0.29619 -0.64680 1.25351 -0.09866 -0.53529 -0.48998 -0.25524 0.33545
father -1.01443 0.84935 0.56828 0.14253 -2.12248 -0.04267 -0.21570 2.85389 -0.94730 -0.37612 1.89417 0.08672 -0.16837 -1.50373 -0.89098 -1.11460 1.95891 0.42735 0.91722 2.25933 -0.56136 -1.08500 -1.54257 -1.63195 0.09750 -1.41122 -0.03887 -0.81410 -0.38010 0.12015 -0.95521 0.11683 -0.85838 0.35194 -0.11545 0.04495 0.92717 1.83220 0.01169 -0.76551 1.70285 0.31394 -0.21064 -0.53448 0.90979 -0.38358 -0.92216 -0.38250 -0.84415 0.66504
sister -1.27717 0.14585 1.32699 -0.79016 -2.16206 -0.62219 -0.74941 2.50619 -0.78414 -1.13987 1.50381 0.30476 -0.23190 -0.96954 -1.03792 -0.65288 1.98048 0.57958 0.60779 1.91029 -1.23565 -1.22306 -0.37201 -1.19907 0.31139 -0.91339 0.26579 -1.54750 -0.39750 -0.84420 -0.33455 1.03253 -1.25185 0.32352 -0.11499 -0.31130 0.36372 1.24507 -0.93950 -0.31631 0.48139 0.17342 0.87372 0.19502 1.06960 -0.54446 -0.71535 -0.40727 -0.69626 0.46703
brother -1.44711 0.87420 -0.03188 -0.11268 -2.48460 -0.11146 -0.45349 2.59254 -0.22266 -0.59267 1.38277 -0.53591 0.24385 -1.11452 -1.01111 -0.66449 2.31981 0.94685 1.69689 1.72820 -0.96916 -0.33144 -0.55681 -1.37915 -0.07278 -1.00759 1.34215 -1.01354 -0.36983 0.22393 -1.15657 0.66698 -1.04134 0.14104 -0.83250 -0.20623 0.42416 1.18944 -0.44949 -1.34145 1.60585 0.28081 0.00312 -0.16640 0.21645 -0.68495 -0.92673 -0.29891 -0.48616 0.83836
daughter -1.23992 0.93579 0.69701 -0.00719 -1.39356 -0.19461 -0.24975 2.05871 -0.38286 -0.62887 1.36123 -0.65533 -0.64061 -1.37762 -0.00630 -0.83266 1.69397 0.99492 0.64162 1.32329 -1.05409 -0.33307 -0.46784 -0.80882 -0.26999 -0.90766 0.34985 -1.68193 -0.40708 0.07927 -0.67367 0.70559 -0.64312 0.10414 -0.16287 0.51159 1.73812 1.89915 0.20095 -0.57799 1.06855 -0.56920 -0.04146 -0.46049 0.30149 -0.08167 -0.61280 0.14334 -0.60168 0.81958
son -0.98933 0.70492 1.06258 -0.00086 -2.34410 -0.90027 -0.70524 2.15046 -0.59796 -0.31147 2.00953 -0.67529 0.01526 -1.32098 -0.68764 -1.00595 2.01193 0.84878 0.87301 1.56208 -1.15300 -0.33435 -0.75932 -0.97974 -0.40422 -1.24371 0.35367 -1.07066 -0.32963 -0.13025 -0.76530 1.26139 -0.90121 0.70420 -0.18250 -0.46928 1.18076 1.53838 0.14432 -0.80934 1.29856 -0.37675 0.75825 -0.05361 1.08824 -0.15798 -1.35210 -0.34854 -0.88612 0.41705
uncle -0.35295 0.98720 1.20218 -0.65010 -2.61752 -0.81339 -0.67071 1.98044 -1.15606 -0.91260 2.14662 -0.79388 0.29322 -2.09729 -0.34909 -0.40276 2.71068 0.81921 0.78753 1.54808 -0.84188 -0.65299 -0.97144 -1.47459 -0.41057 -1.13688 0.62472 -1.89687 -0.26295 0.30294 -1.21999 1.10362 -0.76538 0.38244 -0.38486 -0.69290 0.95615 1.66361 0.36877 -1.01869 0.80155 -0.30406 0.66032 -0.01226 0.53892 -0.89549 -0.86252 -0.87101 -0.92480 0.78805
aunt -1.09567 0.52656 0.56009 -0.12035 -2.20114 -0.81984 -0.41600 2.58825 -1.13547 -1.11323 1.53587 -0.48753 -0.34699 -0.70665 -0.47647 -0.15679 2.35793 1.56965 0.53071 2.13548 -1.51840 -0.42327 -0.76459 -1.57726 0.02111 -0.89175 0.11394 -1.53865 -0.45584 0.54265 -1.32506 0.61292 -1.05316 0.29728 -0.74076 0.16509 1.37786 1.68452 0.03216 -0.69571 1.09346 0.14434 0.42684 -0.87762 0.71786 -0.52578 -1.18463 -0.54885 -0.37925 0.55809
cousin -1.41497 1.00486 1.48899 -0.32132 -2.30106 0.17922 0.06542 2.44447 -0.79839 -0.97678 1.44916 -0.70334 -0.05531 -0.72065 -0.97353 -1.03212 2.01883 0.68391 1.00556 2.25137 -1.43501 -0.43005 -0.94190 -0.18624 0.38264 -0.73448 0.72619 -1.03911 -0.02176 -0.02099 -0.77076 1.05352 -1.21894 0.71085 -0.92454 -0.53182 1.16068 1.99506 0.47305 -1.44413 1.07107 -0.25249 -0.01482 -0.11319 0.06708 -0.67171 -0.94779 -0.16050 -0.69061 0.23445
grandmother -1.01307 -0.06033 0.92334 -0.55000 -1.79841 -0.79039 -0.34203 2.64335 -0.03692 -0.50482 1.72689 -1.06260 -0.60496 -1.29561 -0.80916 -0.95813 2.18259 0.70586 0.88209 1.39999 -0.88800 -0.41734 -0.91403 -0.63649 -0.49891 -0.96145 0.45517 -1.03857 -0.49456 -0.17638 -0.86419 0.64190 -0.70145 0.83420 -1.10200 -0.19067 0.90577 0.91778 -0.25811 -0.66593 0.76309 0.41576 0.54802 -0.63539 0.77923 -1.33402 -0.12753 -0.84134 -1.24741 -0.00107
car -0.39009 -1.76731 0.75357 -0.09762 -0.73247 -0.70156 -1.00398 0.32753 0.87986 0.16365 -0.18056 0.47699 0.12532 0.89304 0.89190 1.08400 -0.20930 0.03555 1.91757 1.11220 0.70834 0.43957 0.02370 0.41448 -0.31029 0.73154 1.02945 0.08769 0.44637 1.66486 0.55615 -2.40704 1.04586 0.43587 -0.48994 0.21046 -0.36655 1.17142 -1.02337 -0.50174 -2.70482 1.49775 0.33141 0.02060 0.18168 -0.43793 -0.10747 0.69311 0.18272 0.73914
train -0.80977 -1.27363 1.17278 0.36970 -0.31421 -0.23609 -1.19207 0.06674 1.54090 0.08136 -0.61531 -0.05475 0.11564 0.66335 0.68683 1.88168 -0.19346 0.68902 1.51813 0.65562 1.33879 -0.02859 -0.23905 1.22892 -0.67620 1.07696 1.01328 0.14200 0.19481 1.72265 0.50376 -3.34340 0.25886 0.51245 0.61632 0.10932 -0.38424 0.76843 -0.83261 -0.43533 -2.45619 0.85185 0.23379 0.48410 0.89180 -0.29988 0.28406 -0.52194 0.48711 0.16846
bus -0.73019 -1.13039 1.36993 0.09708 -0.23841 -0.74037 -0.54420 0.30265 0.85325 0.91881 0.17143 -0.46432 -0.52621 1.16874 0.26854 0.76417 -0.02148 0.19131 1.58395 0.84671 1.28541 0.15439 0.51144 0.91755 -0.46411 1.11717 1.37033 0.41587 0.77442 0.99534 0.76970 -2.84904 0.99610 0.28468 -0.43267 -0.27201 -0.13213 0.61568 -0.88853 -0.60206 -1.81785 0.82424 0.20938 -0.54871 0.34426 -0.44055 0.54628 -0.04413 0.11470 0.63662
bicycle -1.04326 -1.33669 1.06306 -0.15872 -0.07565 -0.37634 -0.64945 0.51614 0.96080 0.43499 -0.46572 -0.43516 -0.25231 1.06157 0.47026 2.02569 -0.18536 0.49387 2.06152 0.69924 1.15677 -0.06099 -0.26784 0.59905 -0.00021 1.52448 0.88872 -0.03427 -0.00486 2.39669 0.01703 -2.54543 1.10606 0.05773 0.34774 -0.32632 -0.27104 0.34968 -0.81314 -0.48728 -1.80339 1.03501 0.87924 -0.36202 0.10252 -0.14394 0.53697 0.37858 0.30484 0.90613
airplane -0.69361 -1.44521 1.27146 -0.20958 -0.05084 0.17000 -0.68898 0.65470 0.83600 0.47999 -0.40398 0.57227 -0.79704 0.67384 0.48701 1.08649 -0.37178 0.60410 1.75551 0.46226 1.16197 0.19777 0.59937 0.71881 -0.44371 1.63152 1.16992 0.07581 0.34991 1.40475 0.58123 -2.41750 1.43830 -0.46744 -0.23392 -0.52655 -0.23056 0.89293 -0.98057 -0.45114 -2.33860 0.58807 0.79016 0.47511 1.14596 -0.48395 0.47633 -0.17717 0.57666 0.46033
ship -1.78282 -1.69207 0.88014 -0.43012 -0.92897 -0.16434 -0.28639 0.85854 0.60936 1.08372 -0.36445 0.87645 -0.09338 1.45710 1.34456 1.82043 -0.87735 0.32057 1.65997 1.48592 1.57912 0.10783 0.37606 0.10042 -0.27318 2.03700 0.27106 0.50436 0.50643 1.33692 0.91406 -2.45883 1.25685 0.47177 0.45910 -0.41075 -0.70119 0.19655 -0.50293 -0.66893 -2.68996 1.24326 0.08917 -0.02159 0.09679 -0.33153 0.06754 -0.12510 -0.49261 0.56482
truck -1.37142 -1.50635 0.35173 -0.10425 -0.12014 -0.24752 -0.60826 -0.11615 1.43823 0.36248 -0.75652 0.05145 -0.42965 0.82084 0.83492 1.04839 0.06368 0.17334 1.45187 0.66363 0.14936 -0.08186 0.14203 0.71587 -0.69146 1.65759 1.60977 -0.46035 -0.60904 1.82924 -0.37742 -2.44914 1.76799 0.72977 -0.23818 -0.43505 -0.09412 0.62380 -1.38439 0.00742 -1.92550 1.06329 0.51162 -0.07483 0.02698 -0.59163 0.17624 0.11526 -0.03776 0.50692
subway 0.04576 -0.97383 1.38070 0.32385 -0.41706 -0.82250 -0.08414 0.68318 1.27799 0.45985 -0.71126 0.93517 0.18072 0.99767 0.22015 1.63309 -0.09775 0.43689 1.55673 0.77401 0.70642 0.18655 -0.72361 0.92633 -0.76084 1.38382 1.33271 0.60392 0.59522 1.37103 0.73359 -2.45026 1.29428 -0.08018 0.03267 0.46806 -0.28384 0.95465 -0.57475 -0.05125 -2.17918 1.41970 0.16620 0.08490 0.15781 0.01810 0.92959 -0.06425 0.73417 0.19747
ferry -1.47019 -1.82489 1.03006 -0.25037 -0.89279 -0.57976 -0.11824 0.43719 1.15808 0.19912 0.13891 1.11331 -1.00585 0.82732 0.80580 1.22052 -0.06027 -0.06974 1.52741 0.92461 1.28154 -0.10583 -0.52670 0.35908 -0.56001 1.73124 0.81170 0.03680 0.05899 1.63344 0.36234 -2.66699 0.79156 0.33678 -0.37525 -0.01708 0.01443 0.77404 -1.36732 0.03551 -2.97380 1.22360 0.13322 -0.65090 0.65214 -0.46694 0.15320 0.33427 0.20587 1.27605
motorcycle -0.33859 -1.87467 0.72431 -0.01995 -0.37967 -0.38284 -0.88665 0.76353 1.31217 0.08105 0.44928 0.81012 -0.30789 0.76218 1.03451 1.34445 -0.43556 0.14869 1.35257 0.09945 0.95781 -0.26307 -0.04335 0.36402 -0.44479 1.14994 0.94252 0.11632 -0.51672 1.45053 0.93055 -3.05039 0.35092 0.17729 0.02621 0.24255 -0.42210 0.54980 -0.97603 0.41056 -2.51376 0.96345 0.10194 -0.47520 0.17980 -0.85263 0.22883 0.62788 0.91959 0.42784
guitar -1.46107 -3.30226 -0.69812 -1.53846 -0.53099 -0.80483 0.39333 -0.83517 1.55142 1.49943 -0.42106 -0.92732 0.41388 -0.42634 0.94017 -0.00714 0.46032 -1.09115 -0.81023 0.11211 0.22620 -0.92315 0.21548 0.70858 -1.15405 2.55457 0.45583 1.50896 1.16912 0.23152 1.01769 -0.17040 0.38586 1.17612 1.35524 0.46334 -0.49487 -0.07315 0.23616 0.11406 -0.59814 -1.56151 0.60142 0.57417 -1.34325 0.74573 -0.56135 0.03306 2.65789 0.16196
piano -1.13236 -3.32944 -0.25557 -0.99105 -0.62823 -0.75251 0.51615 -0.78675 1.62900 1.01946 0.02529 -1.35098 0.94236 -0.21136 0.32186 1.15579 0.68958 -1.60473 0.12831 0.16634 -0.00976 -0.69908 -0.36550 0.46525 -0.94246 1.34868 0.10431 1.52260 0.82849 0.41511 0.68341 -0.07557 1.39534 1.09905 0.69688 0.19361 -0.49484 -0.60642 -0.32007 0.15650 0.20762 -0.97849 1.18623 -0.50256 -1.16298 0.56260 -1.19816 -0.22120 2.69822 0.46206
violin -0.80396 -3.57541 -0.31191 -1.26368 -0.34444 -1.06541 1.10509 -1.06243 1.81702 0.64690 0.63331 -1.02556 0.62393 0.08951 0.64252 0.67164 0.81563 -0.81857 -0.24746 -0.41979 -0.24581 -0.97150 0.17423 1.28932 -1.45937 2.36380 0.00574 0.96140 1.19928 0.62211 0.89192 -0.39395 1.21902 0.57780 0.51484 0.73483 -0.02958 -0.14613 0.23463 -1.24109 -0.10533 -1.02718 1.04475 -0.69887 -1.30057 0.01564 -0.77228 0.65700 3.07519 0.79757
drum -1.32062 -3.37724 -0.41017 -1.15106 -0.82856 -0.03102 0.58970 0.04372 2.54270 1.20311 0.07099 -1.56391 1.33766 -0.31523 0.43461 0.77329 0.35202 -1.91178 0.79483 0.22065 -0.32501 -0.99348 -0.78415 1.23146 -0.60721 2.14637 0.73584 1.15254 1.51265 0.03531 0.85987 -0.31215 0.70210 1.11871 0.57668 1.68363 -0.29045 -0.39200 -0.59804 -0.30536 -0.12827 -1.65104 0.82191 -0.05679 -0.97409 0.76852 -0.46491 0.57735 2.57905 0.69754
melody -1.03898 -3.45900 -0.37103 -1.70834 -0.13408 -0.28749 0.82759 -0.64732 1.64320 1.39145 1.12197 -0.50141 1.44685 -0.75508 0.95178 0.28498 0.96681 -1.39483 -0.63296 -0.25154 -0.45416 -0.58162 0.31061 0.83142 -1.21739 1.99684 0.41998 1.06494 1.35305 -0.16412 1.38648 -0.45847 0.80512 1.09075 0.54028 1.66922 -0.02370 -0.35386 1.02728 0.56242 -0.07574 -1.23465 0.42026 0.23040 -1.30775 -0.00481 -0.88396 0.02570 2.43386 0.97284
rhythm -1.38124 -3.50005 -0.65117 -1.48201 -0.96138 -1.12571 0.58136 -0.73225 2.05684 0.94378 0.77684 -0.86950 0.66028 0.16557 0.65904 0.52016 0.88288 -1.50442 -0.03256 0.17718 -0.55831 -0.80106 -0.19301 0.62275 -1.58808 1.61398 -0.07937 1.43198 1.36956 0.27164 1.49634 -0.23864 1.00121 0.56092 0.83418 1.65044 -0.45538 -0.56954 0.26620 -0.48935 0.54068 -1.52529 0.68585 -0.16885 -0.22762 0.20999 -0.91459 0.40844 1.79419 0.44609
concert -1.01347 -2.89254 -0.29536 -0.67476 -0.29273 -0.83976 -0.16584 -0.40189 2.13762 1.80810 -0.02013 -0.67095 0.32109 0.11463 0.02386 0.01806 0.72922 -1.33461 1.41317 0.29718 0.20517 -1.06227 0.68319 0.63177 -0.73445 1.70060 0.65822 0.93721 0.60627 0.31557 0.41121 -0.19304 1.11735 0.79573 0.29282 0.93622 -0.32731 -0.57189 -0.03511 0.16331 -0.11212 -1.00394 1.00729 0.19094 -1.28169 0.40095 -1.77187 0.41352 2.21295 0.56653
album -0.82034 -3.34802 -1.59393 -1.50489 -0.67714 -0.46204 0.44591 -0.89782 1.80905 0.81798 0.28896 -1.27509 2.05777 -0.29289 0.96626 0.88445 0.67320 -1.39690 0.41562 -0.38379 0.30218 -1.17330 0.22133 0.99307 -0.73915 1.34095 0.48322 1.23625 0.45363 0.18087 1.20291 -0.76610 0.69259 0.62567 0.63666 1.21859 0.07757 -0.24308 -0.65236 -0.51664 0.28512 -0.67995 1.14617 0.30081 -1.19163 0.38051 -1.31904 -0.11722 2.41835 0.59423
singer -1.17115 -3.50652 -0.19392 -1.11798 -0.33643 -0.41077 1.05884 -0.44275 1.61264 0.59262 0.46050 -0.52643 0.52855 -0.55841 0.23660 0.62892 0.82058 -0.97525 0.48113 0.21289 -0.12595 -1.25126 0.71528 1.07212 -1.08079 2.52655 0.84320 1.14686 0.76204 -0.15401 0.97946 -0.28246 1.19199 1.01219 0.32496 0.94231 -0.13133 0.14001 -0.58893 0.00675 0.60438 -1.44356 1.26904 -0.47802 -0.81032 0.56705 -1.19833 0.15845 2.12874 0.77807
orchestra -1.03644 -4.23894 -0.59976 -1.06683 0.06191 -0.95489 0.72265 -1.12673 2.03793 0.74197 0.03125 -1.32732 1.02992 -0.70842 0.23519 1.04737 0.94908 -1.30700 0.59596 0.32399 -0.31044 -0.19791 0.70889 0.64962 -0.80163 1.57053 0.41755 0.93998 0.62205 0.27373 1.47616 0.01840 1.15226 1.31198 1.23553 0.70149 -0.55792 -0.01005 0.44137 -0.12906 0.38258 -0.82732 0.13236 -0.15271 -0.66538 0.55854 -1.14396 0.34675 2.76117 0.78973
